static\img\106628907.jpg  1  23 86 33 36
static\img\12018347094.jpg  1  21 22 115 119
static\img\13833841293.jpg  1  47 70 62 70
static\img\14222036741.jpg  1  9 17 128 125
static\img\14244607240.jpg  1  0 0 96 94
static\img\15168969705.jpg  3  24 44 65 65  116 52 34 65  0 40 19 56
static\img\15648787158.jpg  1  54 47 40 32
static\img\1578639166.jpg  1  18 12 108 116
static\img\16009960729.jpg  1  33 11 82 139
static\img\16179885797.jpg  1  89 27 61 77
static\img\16291491177.jpg  1  3 1 143 128
static\img\16407000209.jpg  1  15 24 114 100
static\img\16625769505.jpg  1  5 14 121 118
static\img\16637079815.jpg  1  11 7 115 134
static\img\16652111016.jpg  1  30 63 89 84
static\img\168259737.jpg  1  37 34 82 86
static\img\17320423346.jpg  1  8 0 95 81
static\img\21652292500.jpg  1  36 22 97 94
static\img\2172084066.jpg  1  25 40 81 74
static\img\223571949.jpg  1  41 32 78 79
static\img\2247451821.jpg  1  0 4 136 146
static\img\2247513379.jpg  1  0 3 136 144
static\img\2247517113.jpg  1  0 3 142 145
static\img\2247524637.jpg  1  4 6 122 142
static\img\2247540223.jpg  1  5 10 145 135
static\img\2247541763.jpg  1  0 37 150 113
static\img\2247547753.jpg  1  5 4 137 133
static\img\2247554465.jpg  1  1 1 149 144
static\img\2248297070.jpg  1  4 1 146 149
static\img\2248299208.jpg  1  4 11 121 132
static\img\2248310284.jpg  1  13 2 137 146
static\img\2248314902.jpg  1  0 14 150 136
static\img\2248317806.jpg  1  3 11 135 139
static\img\2248320112.jpg  1  14 27 136 123
static\img\2248320848.jpg  1  0 30 144 120
static\img\2248330988.jpg  1  0 12 150 137
static\img\2248334052.jpg  1  1 29 149 121
static\img\2248337660.jpg  1  5 5 121 134
static\img\2248340930.jpg  1  8 24 142 126
static\img\2248342236.jpg  1  15 16 135 128
static\img\2248344044.jpg  1  29 34 121 116
static\img\2249866161.jpg  1  24 24 126 116
static\img\22796654674.jpg  3  0 53 55 74  21 95 38 48  110 67 40 76
static\img\2311952071.jpg  1  0 0 116 145
static\img\2325426170.jpg  1  5 73 59 64
static\img\23270964210.jpg  1  0 1 145 139
static\img\2404400105.jpg  1  1 8 147 137
static\img\24854998000.jpg  2  8 0 78 61  101 64 49 68
static\img\2557858597.jpg  1  9 0 74 78
static\img\2562121454.jpg  1  11 20 128 122
static\img\2578211878.jpg  2  1 21 72 108  88 23 60 106
static\img\266493005.jpg  4  85 29 41 37  76 56 59 47  75 87 60 48  71 121 57 29
static\img\2718592521.jpg  1  22 4 128 146
static\img\2721183313.jpg  1  37 27 72 76
static\img\276074021.jpg  1  37 27 73 76
static\img\28020736085.jpg  1  45 91 68 57
static\img\2853492878.jpg  1  18 40 63 65
static\img\2966087129.jpg  1  2 1 140 149
static\img\2967058480.jpg  1  29 17 103 101
static\img\3010337987.jpg  1  87 20 63 76
static\img\3016125341.jpg  1  18 0 132 150
static\img\3065080138.jpg  1  41 53 90 97
static\img\3127776906.jpg  1  1 0 141 150
static\img\3131307282.jpg  1  21 0 129 149
static\img\3149541359.jpg  1  59 68 54 68
static\img\3221261965.jpg  1  29 8 104 106
static\img\3248900478.jpg  1  50 24 73 72
static\img\3249196137.jpg  1  3 7 138 136
static\img\3258880392.jpg  1  17 0 85 79
static\img\3269726410.jpg  1  0 0 115 146
static\img\3274265496.jpg  1  61 74 13 13
static\img\32965412961.jpg  1  6 16 140 115
static\img\3320607048.jpg  6  1 20 20 28  52 21 21 27  106 24 30 23  115 93 24 24  51 98 32 24  0 101 26 25
static\img\3325150918.jpg  1  4 2 138 134
static\img\3333955822.jpg  1  61 0 89 70
static\img\3353303169.jpg  1  0 19 102 118
static\img\33533565738.jpg  1  28 0 122 150
static\img\33534557706.jpg  1  69 0 81 99
static\img\3388169469.jpg  1  1 1 141 149
static\img\34337233702.jpg  1  60 43 26 28
static\img\34706202903.jpg  1  15 27 96 100
static\img\3486877770.jpg  1  60 70 90 80
static\img\350230805.jpg  1  44 96 51 43
static\img\3601257480.jpg  1  1 0 141 150
static\img\36795458565.jpg  1  99 89 28 25
static\img\38101969136.jpg  1  64 0 43 41
static\img\3882920262.jpg  1  17 17 104 118
static\img\3909683897.jpg  1  51 55 47 54
static\img\3980853789.jpg  1  21 25 99 111
static\img\40416392075.jpg  1  52 46 48 36
static\img\4087163122.jpg  1  5 0 135 133
static\img\4236452914.jpg  1  0 9 146 139
static\img\4288018416.jpg  1  0 0 148 143
static\img\4325427539.jpg  1  1 0 144 150
static\img\4326294576.jpg  1  56 40 94 110
static\img\4350419.jpg  1  35 31 115 119
static\img\435844359.jpg  1  0 21 82 118
static\img\4390061570.jpg  1  29 49 89 92
static\img\4428528027.jpg  1  0 0 87 101
static\img\4428532405.jpg  1  17 0 103 98
static\img\44772200911.jpg  1  55 83 52 55
static\img\44787008342.jpg  1  38 0 82 99
static\img\4540890545.jpg  1  0 0 97 138
static\img\4541561384.jpg  1  0 0 113 131
static\img\4572077975.jpg  1  51 24 71 70
static\img\4590208246.jpg  1  0 21 94 113
static\img\4705485550.jpg  1  31 7 88 99
static\img\4818951042.jpg  1  0 26 76 92
static\img\4826659700.jpg  1  33 34 103 90
static\img\4933397349.jpg  2  1 60 63 56  64 63 70 50
static\img\4974646068.jpg  1  0 0 73 119
static\img\5193725360.jpg  1  4 27 119 110
static\img\52445415.jpg  1  18 1 132 149
static\img\5281968538.jpg  1  100 117 42 32
static\img\5317622146.jpg  1  39 1 69 149
static\img\5348570265.jpg  1  0 0 100 114
static\img\5354831610.jpg  1  34 36 73 71
static\img\5420334035.jpg  1  16 39 84 83
static\img\5511447457.jpg  1  0 0 126 150
static\img\5520509430.jpg  1  5 33 145 117
static\img\5568036900.jpg  1  37 58 102 80
static\img\5637855814.jpg  1  0 75 49 47
static\img\5718089043.jpg  1  11 5 129 144
static\img\5730255266.jpg  1  14 0 121 123
static\img\5764834793.jpg  1  41 19 109 119
static\img\5796286630.jpg  3  23 62 77 65  101 51 49 73  0 75 19 50
static\img\5971578484.jpg  1  60 28 42 39
static\img\6110714285.jpg  1  2 42 108 93
static\img\6529363715.jpg  1  0 54 36 60
static\img\6575527423.jpg  1  12 79 98 71
static\img\6604520621.jpg  1  0 26 106 115
static\img\6669817531.jpg  1  0 36 110 106
static\img\6930435962.jpg  1  25 17 102 110
static\img\7746092156.jpg  1  65 67 77 70
static\img\7851552058.jpg  1  27 11 106 119
static\img\8130494806.jpg  1  97 44 40 32
static\img\8370282730.jpg  2  42 12 80 68  18 49 108 101
static\img\8409797568.jpg  2  0 7 28 118  119 4 31 130
static\img\8420114962.jpg  1  24 36 98 96
static\img\8542186433.jpg  1  70 30 80 105
static\img\8638058835.jpg  1  4 9 140 141
static\img\8855992353.jpg  1  0 6 90 127
static\img\9074047938.jpg  1  21 24 98 108
static\img\9227518097.jpg  1  44 50 59 54
static\img\9953970795.jpg  1  0 0 120 150
